{
 "cells": [
  {
   "cell_type": "code",
   "execution_count": 1,
   "metadata": {},
   "outputs": [],
   "source": [
    "# Random Forest Algorithm on Sonar Dataset\n",
    "from random import seed\n",
    "from random import randrange\n",
    "from csv import reader\n",
    "from math import sqrt\n",
    " "
   ]
  },
  {
   "cell_type": "code",
   "execution_count": 3,
   "metadata": {},
   "outputs": [],
   "source": [
    "# Load a CSV file\n",
    "def load_csv(filename):\n",
    "    dataset = list()\n",
    "    with open(filename, 'r') as file:\n",
    "        csv_reader = reader(file)\n",
    "        for row in csv_reader:\n",
    "            if not row:\n",
    "                continue\n",
    "            dataset.append(row)\n",
    "    return dataset"
   ]
  },
  {
   "cell_type": "code",
   "execution_count": 5,
   "metadata": {},
   "outputs": [],
   "source": [
    "# Convert string column to float\n",
    "def str_column_to_float(dataset, column):\n",
    "    for row in dataset:\n",
    "        row[column] = float(row[column].strip())\n",
    " "
   ]
  },
  {
   "cell_type": "code",
   "execution_count": 6,
   "metadata": {},
   "outputs": [],
   "source": [
    "# Convert string column to integer\n",
    "def str_column_to_int(dataset, column):\n",
    "    class_values = [row[column] for row in dataset]\n",
    "    unique = set(class_values)\n",
    "    lookup = dict()\n",
    "    for i, value in enumerate(unique):\n",
    "        lookup[value] = i\n",
    "    for row in dataset:\n",
    "        row[column] = lookup[row[column]]\n",
    "    return lookup"
   ]
  },
  {
   "cell_type": "code",
   "execution_count": 7,
   "metadata": {},
   "outputs": [],
   "source": [
    "# Split a dataset into k folds\n",
    "def cross_validation_split(dataset, n_folds):\n",
    "    dataset_split = list()\n",
    "    dataset_copy = list(dataset)\n",
    "    fold_size = int(len(dataset) / n_folds)\n",
    "    print(\"Rows in Each Fold is : \")\n",
    "    print(fold_size)\n",
    "    for i in range(n_folds):\n",
    "        fold = list()\n",
    "        while len(fold) < fold_size:\n",
    "            index = randrange(len(dataset_copy))\n",
    "            fold.append(dataset_copy.pop(index))\n",
    "        dataset_split.append(fold)\n",
    "    return dataset_split\n"
   ]
  },
  {
   "cell_type": "code",
   "execution_count": 8,
   "metadata": {},
   "outputs": [],
   "source": [
    "# Calculate accuracy percentage\n",
    "def accuracy_metric(actual, predicted):\n",
    "    correct = 0\n",
    "    for i in range(len(actual)):\n",
    "        if actual[i] == predicted[i]:\n",
    "            correct += 1\n",
    "    return correct / float(len(actual)) * 100.0"
   ]
  },
  {
   "cell_type": "code",
   "execution_count": 45,
   "metadata": {},
   "outputs": [],
   "source": [
    "# Evaluate an algorithm using a cross validation split\n",
    "def evaluate_algorithm(dataset, algorithm, n_folds, *args):\n",
    "    folds = cross_validation_split(dataset, n_folds)\n",
    "    #print(\"Folds is : \")\n",
    "    #print(folds)\n",
    "    scores = list()\n",
    "    for fold in folds:\n",
    "        #print(\"Iteration\")\n",
    "        train_set = list(folds)\n",
    "        train_set.remove(fold)\n",
    "        train_set = sum(train_set, [])\n",
    "        test_set = list()\n",
    "        for row in fold:\n",
    "            row_copy = list(row)\n",
    "            test_set.append(row_copy)\n",
    "            row_copy[-1] = None\n",
    "        #print(\"Train Set is : \")\n",
    "        #print(train_set)\n",
    "        #print(\"Test Set is : \")\n",
    "        #print(test_set)\n",
    "        predicted = algorithm(train_set, test_set, *args)\n",
    "        actual = [row[-1] for row in fold]\n",
    "        accuracy = accuracy_metric(actual, predicted)\n",
    "        scores.append(accuracy)\n",
    "    return scores"
   ]
  },
  {
   "cell_type": "code",
   "execution_count": 10,
   "metadata": {},
   "outputs": [],
   "source": [
    "# Split a dataset based on an attribute and an attribute value\n",
    "def test_split(index, value, dataset):\n",
    "    left, right = list(), list()\n",
    "    for row in dataset:\n",
    "        if row[index] < value:\n",
    "            left.append(row)\n",
    "        else:\n",
    "            right.append(row)\n",
    "    return left, right"
   ]
  },
  {
   "cell_type": "code",
   "execution_count": 58,
   "metadata": {},
   "outputs": [],
   "source": [
    "# Calculate the Gini index for a split dataset\n",
    "def gini_index(groups, classes):\n",
    "    # count all samples at split point\n",
    "    n_instances = float(sum([len(group) for group in groups]))\n",
    "    print(\"Number of Instances is : \")\n",
    "    print(n_instances)\n",
    "    # sum weighted Gini index for each group\n",
    "    gini = 0.0\n",
    "    for group in groups: \n",
    "        size = float(len(group))\n",
    "        print(\"Length of Group is : \")\n",
    "        print(size)\n",
    "        # avoid divide by zero\n",
    "        if size == 0:\n",
    "            continue\n",
    "        score = 0.0\n",
    "        # score the group based on the score for each class\n",
    "        print(\"Classes is : \")\n",
    "        print(classes)\n",
    "        for class_val in classes:\n",
    "            print(\"Class Value is : \", class_val)\n",
    "            p = [row[-1] for row in group].count(class_val) / size\n",
    "            print(\"Value of P is : \")\n",
    "            print(p)\n",
    "            score += p * p\n",
    "            print(\"Scores is : \")\n",
    "            print(score)\n",
    "        # weight the group score by its relative size\n",
    "        gini += (1.0 - score) * (size / n_instances)\n",
    "        print(\"Gini is : \")\n",
    "        print(gini)\n",
    "    return gini"
   ]
  },
  {
   "cell_type": "code",
   "execution_count": 51,
   "metadata": {},
   "outputs": [],
   "source": [
    "# Select the best split point for a dataset\n",
    "def get_split(dataset, n_features):\n",
    "    class_values = list(set(row[-1] for row in dataset))\n",
    "    #print(\"Class Values is : \", class_values)\n",
    "    b_index, b_value, b_score, b_groups = 999, 999, 999, None\n",
    "    features = list()\n",
    "    while len(features) < n_features:\n",
    "        print(\"Check 1 \")\n",
    "        index = randrange(len(dataset[0])-1)\n",
    "        print(\"Index is : \", index)\n",
    "        if index not in features:\n",
    "            features.append(index)\n",
    "    print(\"Features is : \")\n",
    "    print(features)\n",
    "    for index in features:\n",
    "        print(\"Check 2 : \")\n",
    "        print(\"Input Feature is : \", index)\n",
    "        for row in dataset:\n",
    "            print(\"Check 3 : \") \n",
    "            print(\"Row is : \")\n",
    "            print(row)\n",
    "            groups = test_split(index, row[index], dataset)\n",
    "            print(\"Groups is : \")\n",
    "            print(groups)\n",
    "            gini =  gini_index(groups, class_values)\n",
    "            #print(\"Gini is : \")\n",
    "            #print(gini)\n",
    "            if gini < b_score:\n",
    "                b_index, b_value, b_score, b_groups = index, row[index], gini, groups\n",
    "    return {'index':b_index, 'value':b_value, 'groups':b_groups}  "
   ]
  },
  {
   "cell_type": "code",
   "execution_count": 13,
   "metadata": {},
   "outputs": [],
   "source": [
    "# Create a terminal node value\n",
    "def to_terminal(group):\n",
    "    outcomes = [row[-1] for row in group]\n",
    "    return max(set(outcomes), key=outcomes.count)"
   ]
  },
  {
   "cell_type": "code",
   "execution_count": 14,
   "metadata": {},
   "outputs": [],
   "source": [
    "# Create child splits for a node or make terminal\n",
    "def split(node, max_depth, min_size, n_features, depth):\n",
    "    left, right = node['groups']\n",
    "    del(node['groups'])\n",
    "    # check for a no split\n",
    "    if not left or not right:\n",
    "        node['left'] = node['right'] = to_terminal(left + right)\n",
    "        return\n",
    "    # check for max depth\n",
    "    if depth >= max_depth:\n",
    "        node['left'], node['right'] = to_terminal(left), to_terminal(right)\n",
    "        return\n",
    "    # process left child\n",
    "    if len(left) <= min_size:\n",
    "        node['left'] = to_terminal(left)\n",
    "    else:\n",
    "        node['left'] = get_split(left, n_features)\n",
    "        split(node['left'], max_depth, min_size, n_features, depth+1)\n",
    "    # process right child\n",
    "    if len(right) <= min_size:\n",
    "        node['right'] = to_terminal(right)\n",
    "    else:\n",
    "        node['right'] = get_split(right, n_features)\n",
    "        split(node['right'], max_depth, min_size, n_features, depth+1)"
   ]
  },
  {
   "cell_type": "code",
   "execution_count": 40,
   "metadata": {},
   "outputs": [],
   "source": [
    "# Build a decision tree\n",
    "def build_tree(train, max_depth, min_size, n_features):\n",
    "    print(\"check 4 \")\n",
    "    root = get_split(train, n_features)\n",
    "    print(\"Root Node is : \")\n",
    "    print(root)\n",
    "    print(\"check 5 \")\n",
    "    split(root, max_depth, min_size, n_features, 1)\n",
    "    return root"
   ]
  },
  {
   "cell_type": "code",
   "execution_count": 16,
   "metadata": {},
   "outputs": [],
   "source": [
    "# Make a prediction with a decision tree\n",
    "def predict(node, row):\n",
    "    if row[node['index']] < node['value']:\n",
    "        if isinstance(node['left'], dict):\n",
    "            return predict(node['left'], row)\n",
    "        else:\n",
    "            return node['left']\n",
    "    else:\n",
    "        if isinstance(node['right'], dict):\n",
    "            return predict(node['right'], row)\n",
    "        else:\n",
    "            return node['right']\n",
    " "
   ]
  },
  {
   "cell_type": "code",
   "execution_count": 17,
   "metadata": {},
   "outputs": [],
   "source": [
    "# Create a random subsample from the dataset with replacement\n",
    "def subsample(dataset, ratio):\n",
    "    sample = list()\n",
    "    n_sample = round(len(dataset) * ratio)\n",
    "    while len(sample) < n_sample:\n",
    "        index = randrange(len(dataset))\n",
    "        sample.append(dataset[index])\n",
    "    return sample"
   ]
  },
  {
   "cell_type": "code",
   "execution_count": 18,
   "metadata": {},
   "outputs": [],
   "source": [
    "# Make a prediction with a list of bagged trees\n",
    "def bagging_predict(trees, row):\n",
    "    predictions = [predict(tree, row) for tree in trees]\n",
    "    return max(set(predictions), key=predictions.count)"
   ]
  },
  {
   "cell_type": "code",
   "execution_count": 65,
   "metadata": {},
   "outputs": [],
   "source": [
    "# Random Forest Algorithm\n",
    "def random_forest(train, test, max_depth, min_size, sample_size, n_trees, n_features):\n",
    "    trees = list()\n",
    "    for i in range(n_trees):\n",
    "        sample = subsample(train, sample_size)\n",
    "        print(\"Sample is : \")\n",
    "        print(sample)\n",
    "        tree = build_tree(sample, max_depth, min_size, n_features)\n",
    "        print(\"Built Tree is : \")\n",
    "        print(tree)\n",
    "        trees.append(tree)\n",
    "    predictions = [bagging_predict(trees, row) for row in test]\n",
    "    return(predictions)"
   ]
  },
  {
   "cell_type": "code",
   "execution_count": 52,
   "metadata": {},
   "outputs": [],
   "source": [
    "#//// Executing Code : "
   ]
  },
  {
   "cell_type": "code",
   "execution_count": 20,
   "metadata": {},
   "outputs": [],
   "source": [
    "# Test the random forest algorithm\n",
    "seed(2)\n",
    "# load and prepare data\n",
    "filename = 'D:/1.AI/1.Python_Project/Random Forest/Dataset/Family_Status_Encoded.csv'\n",
    "dataset = load_csv(filename)\n"
   ]
  },
  {
   "cell_type": "code",
   "execution_count": 21,
   "metadata": {},
   "outputs": [
    {
     "name": "stdout",
     "output_type": "stream",
     "text": [
      "[['0', '1', '2', '3', '4', '5', '9'], ['0', '10', '11', '12', '7', '13', '14'], ['0', '15', '16', '3', '17', '13', '9'], ['0', '19', '16', '12', '4', '5', '14'], ['0', '21', '2', '3', '22', '5', '14'], ['23', '10', '11', '3', '7', '5', '14'], ['23', '1', '16', '12', '4', '13', '9'], ['23', '15', '16', '3', '17', '13', '9'], ['23', '24', '11', '3', '7', '5', '14'], ['23', '25', '2', '3', '4', '13', '14']]\n"
     ]
    }
   ],
   "source": [
    "print(dataset)"
   ]
  },
  {
   "cell_type": "code",
   "execution_count": 22,
   "metadata": {},
   "outputs": [],
   "source": [
    "# convert string attributes to integers\n",
    "for i in range(0, len(dataset[0])-1):\n",
    "    str_column_to_float(dataset, i)"
   ]
  },
  {
   "cell_type": "code",
   "execution_count": 23,
   "metadata": {},
   "outputs": [
    {
     "data": {
      "text/plain": [
       "{'9': 0, '14': 1}"
      ]
     },
     "execution_count": 23,
     "metadata": {},
     "output_type": "execute_result"
    }
   ],
   "source": [
    "# convert class column to integers\n",
    "str_column_to_int(dataset, len(dataset[0])-1)\n",
    "# evaluate algorithm"
   ]
  },
  {
   "cell_type": "code",
   "execution_count": 24,
   "metadata": {},
   "outputs": [
    {
     "name": "stdout",
     "output_type": "stream",
     "text": [
      "[[0.0, 1.0, 2.0, 3.0, 4.0, 5.0, 0], [0.0, 10.0, 11.0, 12.0, 7.0, 13.0, 1], [0.0, 15.0, 16.0, 3.0, 17.0, 13.0, 0], [0.0, 19.0, 16.0, 12.0, 4.0, 5.0, 1], [0.0, 21.0, 2.0, 3.0, 22.0, 5.0, 1], [23.0, 10.0, 11.0, 3.0, 7.0, 5.0, 1], [23.0, 1.0, 16.0, 12.0, 4.0, 13.0, 0], [23.0, 15.0, 16.0, 3.0, 17.0, 13.0, 0], [23.0, 24.0, 11.0, 3.0, 7.0, 5.0, 1], [23.0, 25.0, 2.0, 3.0, 4.0, 13.0, 1]]\n"
     ]
    }
   ],
   "source": [
    "print(dataset)"
   ]
  },
  {
   "cell_type": "code",
   "execution_count": 66,
   "metadata": {},
   "outputs": [
    {
     "name": "stdout",
     "output_type": "stream",
     "text": [
      "Number of Features is :  2\n",
      "Rows in Each Fold is : \n",
      "3\n",
      "Sample is : \n",
      "[[23.0, 24.0, 11.0, 3.0, 7.0, 5.0, 1], [23.0, 15.0, 16.0, 3.0, 17.0, 13.0, 0], [0.0, 19.0, 16.0, 12.0, 4.0, 5.0, 1], [23.0, 1.0, 16.0, 12.0, 4.0, 13.0, 0], [23.0, 1.0, 16.0, 12.0, 4.0, 13.0, 0], [23.0, 1.0, 16.0, 12.0, 4.0, 13.0, 0]]\n",
      "check 4 \n",
      "Check 1 \n",
      "Index is :  1\n",
      "Check 1 \n",
      "Index is :  3\n",
      "Features is : \n",
      "[1, 3]\n",
      "Check 2 : \n",
      "Input Feature is :  1\n",
      "Check 3 : \n",
      "Row is : \n",
      "[23.0, 24.0, 11.0, 3.0, 7.0, 5.0, 1]\n",
      "Groups is : \n",
      "([[23.0, 15.0, 16.0, 3.0, 17.0, 13.0, 0], [0.0, 19.0, 16.0, 12.0, 4.0, 5.0, 1], [23.0, 1.0, 16.0, 12.0, 4.0, 13.0, 0], [23.0, 1.0, 16.0, 12.0, 4.0, 13.0, 0], [23.0, 1.0, 16.0, 12.0, 4.0, 13.0, 0]], [[23.0, 24.0, 11.0, 3.0, 7.0, 5.0, 1]])\n",
      "Number of Instances is : \n",
      "6.0\n",
      "Length of Group is : \n",
      "5.0\n",
      "Classes is : \n",
      "[0, 1]\n",
      "Class Value is :  0\n",
      "Value of P is : \n",
      "0.8\n",
      "Scores is : \n",
      "0.6400000000000001\n",
      "Class Value is :  1\n",
      "Value of P is : \n",
      "0.2\n",
      "Scores is : \n",
      "0.6800000000000002\n",
      "Gini is : \n",
      "0.26666666666666655\n",
      "Length of Group is : \n",
      "1.0\n",
      "Classes is : \n",
      "[0, 1]\n",
      "Class Value is :  0\n",
      "Value of P is : \n",
      "0.0\n",
      "Scores is : \n",
      "0.0\n",
      "Class Value is :  1\n",
      "Value of P is : \n",
      "1.0\n",
      "Scores is : \n",
      "1.0\n",
      "Gini is : \n",
      "0.26666666666666655\n",
      "Check 3 : \n",
      "Row is : \n",
      "[23.0, 15.0, 16.0, 3.0, 17.0, 13.0, 0]\n",
      "Groups is : \n",
      "([[23.0, 1.0, 16.0, 12.0, 4.0, 13.0, 0], [23.0, 1.0, 16.0, 12.0, 4.0, 13.0, 0], [23.0, 1.0, 16.0, 12.0, 4.0, 13.0, 0]], [[23.0, 24.0, 11.0, 3.0, 7.0, 5.0, 1], [23.0, 15.0, 16.0, 3.0, 17.0, 13.0, 0], [0.0, 19.0, 16.0, 12.0, 4.0, 5.0, 1]])\n",
      "Number of Instances is : \n",
      "6.0\n",
      "Length of Group is : \n",
      "3.0\n",
      "Classes is : \n",
      "[0, 1]\n",
      "Class Value is :  0\n",
      "Value of P is : \n",
      "1.0\n",
      "Scores is : \n",
      "1.0\n",
      "Class Value is :  1\n",
      "Value of P is : \n",
      "0.0\n",
      "Scores is : \n",
      "1.0\n",
      "Gini is : \n",
      "0.0\n",
      "Length of Group is : \n",
      "3.0\n",
      "Classes is : \n",
      "[0, 1]\n",
      "Class Value is :  0\n",
      "Value of P is : \n",
      "0.3333333333333333\n",
      "Scores is : \n",
      "0.1111111111111111\n",
      "Class Value is :  1\n",
      "Value of P is : \n",
      "0.6666666666666666\n",
      "Scores is : \n",
      "0.5555555555555556\n",
      "Gini is : \n",
      "0.2222222222222222\n",
      "Check 3 : \n",
      "Row is : \n",
      "[0.0, 19.0, 16.0, 12.0, 4.0, 5.0, 1]\n",
      "Groups is : \n",
      "([[23.0, 15.0, 16.0, 3.0, 17.0, 13.0, 0], [23.0, 1.0, 16.0, 12.0, 4.0, 13.0, 0], [23.0, 1.0, 16.0, 12.0, 4.0, 13.0, 0], [23.0, 1.0, 16.0, 12.0, 4.0, 13.0, 0]], [[23.0, 24.0, 11.0, 3.0, 7.0, 5.0, 1], [0.0, 19.0, 16.0, 12.0, 4.0, 5.0, 1]])\n",
      "Number of Instances is : \n",
      "6.0\n",
      "Length of Group is : \n",
      "4.0\n",
      "Classes is : \n",
      "[0, 1]\n",
      "Class Value is :  0\n",
      "Value of P is : \n",
      "1.0\n",
      "Scores is : \n",
      "1.0\n",
      "Class Value is :  1\n",
      "Value of P is : \n",
      "0.0\n",
      "Scores is : \n",
      "1.0\n",
      "Gini is : \n",
      "0.0\n",
      "Length of Group is : \n",
      "2.0\n",
      "Classes is : \n",
      "[0, 1]\n",
      "Class Value is :  0\n",
      "Value of P is : \n",
      "0.0\n",
      "Scores is : \n",
      "0.0\n",
      "Class Value is :  1\n",
      "Value of P is : \n",
      "1.0\n",
      "Scores is : \n",
      "1.0\n",
      "Gini is : \n",
      "0.0\n",
      "Check 3 : \n",
      "Row is : \n",
      "[23.0, 1.0, 16.0, 12.0, 4.0, 13.0, 0]\n",
      "Groups is : \n",
      "([], [[23.0, 24.0, 11.0, 3.0, 7.0, 5.0, 1], [23.0, 15.0, 16.0, 3.0, 17.0, 13.0, 0], [0.0, 19.0, 16.0, 12.0, 4.0, 5.0, 1], [23.0, 1.0, 16.0, 12.0, 4.0, 13.0, 0], [23.0, 1.0, 16.0, 12.0, 4.0, 13.0, 0], [23.0, 1.0, 16.0, 12.0, 4.0, 13.0, 0]])\n",
      "Number of Instances is : \n",
      "6.0\n",
      "Length of Group is : \n",
      "0.0\n",
      "Length of Group is : \n",
      "6.0\n",
      "Classes is : \n",
      "[0, 1]\n",
      "Class Value is :  0\n",
      "Value of P is : \n",
      "0.6666666666666666\n",
      "Scores is : \n",
      "0.4444444444444444\n",
      "Class Value is :  1\n",
      "Value of P is : \n",
      "0.3333333333333333\n",
      "Scores is : \n",
      "0.5555555555555556\n",
      "Gini is : \n",
      "0.4444444444444444\n",
      "Check 3 : \n",
      "Row is : \n",
      "[23.0, 1.0, 16.0, 12.0, 4.0, 13.0, 0]\n",
      "Groups is : \n",
      "([], [[23.0, 24.0, 11.0, 3.0, 7.0, 5.0, 1], [23.0, 15.0, 16.0, 3.0, 17.0, 13.0, 0], [0.0, 19.0, 16.0, 12.0, 4.0, 5.0, 1], [23.0, 1.0, 16.0, 12.0, 4.0, 13.0, 0], [23.0, 1.0, 16.0, 12.0, 4.0, 13.0, 0], [23.0, 1.0, 16.0, 12.0, 4.0, 13.0, 0]])\n",
      "Number of Instances is : \n",
      "6.0\n",
      "Length of Group is : \n",
      "0.0\n",
      "Length of Group is : \n",
      "6.0\n",
      "Classes is : \n",
      "[0, 1]\n",
      "Class Value is :  0\n",
      "Value of P is : \n",
      "0.6666666666666666\n",
      "Scores is : \n",
      "0.4444444444444444\n",
      "Class Value is :  1\n",
      "Value of P is : \n",
      "0.3333333333333333\n",
      "Scores is : \n",
      "0.5555555555555556\n",
      "Gini is : \n",
      "0.4444444444444444\n",
      "Check 3 : \n",
      "Row is : \n",
      "[23.0, 1.0, 16.0, 12.0, 4.0, 13.0, 0]\n",
      "Groups is : \n",
      "([], [[23.0, 24.0, 11.0, 3.0, 7.0, 5.0, 1], [23.0, 15.0, 16.0, 3.0, 17.0, 13.0, 0], [0.0, 19.0, 16.0, 12.0, 4.0, 5.0, 1], [23.0, 1.0, 16.0, 12.0, 4.0, 13.0, 0], [23.0, 1.0, 16.0, 12.0, 4.0, 13.0, 0], [23.0, 1.0, 16.0, 12.0, 4.0, 13.0, 0]])\n",
      "Number of Instances is : \n",
      "6.0\n",
      "Length of Group is : \n",
      "0.0\n",
      "Length of Group is : \n",
      "6.0\n",
      "Classes is : \n",
      "[0, 1]\n",
      "Class Value is :  0\n",
      "Value of P is : \n",
      "0.6666666666666666\n",
      "Scores is : \n",
      "0.4444444444444444\n",
      "Class Value is :  1\n",
      "Value of P is : \n",
      "0.3333333333333333\n",
      "Scores is : \n",
      "0.5555555555555556\n",
      "Gini is : \n",
      "0.4444444444444444\n",
      "Check 2 : \n",
      "Input Feature is :  3\n",
      "Check 3 : \n",
      "Row is : \n",
      "[23.0, 24.0, 11.0, 3.0, 7.0, 5.0, 1]\n",
      "Groups is : \n",
      "([], [[23.0, 24.0, 11.0, 3.0, 7.0, 5.0, 1], [23.0, 15.0, 16.0, 3.0, 17.0, 13.0, 0], [0.0, 19.0, 16.0, 12.0, 4.0, 5.0, 1], [23.0, 1.0, 16.0, 12.0, 4.0, 13.0, 0], [23.0, 1.0, 16.0, 12.0, 4.0, 13.0, 0], [23.0, 1.0, 16.0, 12.0, 4.0, 13.0, 0]])\n",
      "Number of Instances is : \n",
      "6.0\n",
      "Length of Group is : \n",
      "0.0\n",
      "Length of Group is : \n",
      "6.0\n",
      "Classes is : \n",
      "[0, 1]\n",
      "Class Value is :  0\n",
      "Value of P is : \n",
      "0.6666666666666666\n",
      "Scores is : \n",
      "0.4444444444444444\n",
      "Class Value is :  1\n",
      "Value of P is : \n",
      "0.3333333333333333\n",
      "Scores is : \n",
      "0.5555555555555556\n",
      "Gini is : \n",
      "0.4444444444444444\n",
      "Check 3 : \n",
      "Row is : \n",
      "[23.0, 15.0, 16.0, 3.0, 17.0, 13.0, 0]\n",
      "Groups is : \n",
      "([], [[23.0, 24.0, 11.0, 3.0, 7.0, 5.0, 1], [23.0, 15.0, 16.0, 3.0, 17.0, 13.0, 0], [0.0, 19.0, 16.0, 12.0, 4.0, 5.0, 1], [23.0, 1.0, 16.0, 12.0, 4.0, 13.0, 0], [23.0, 1.0, 16.0, 12.0, 4.0, 13.0, 0], [23.0, 1.0, 16.0, 12.0, 4.0, 13.0, 0]])\n",
      "Number of Instances is : \n",
      "6.0\n",
      "Length of Group is : \n",
      "0.0\n",
      "Length of Group is : \n",
      "6.0\n",
      "Classes is : \n",
      "[0, 1]\n",
      "Class Value is :  0\n",
      "Value of P is : \n",
      "0.6666666666666666\n",
      "Scores is : \n",
      "0.4444444444444444\n",
      "Class Value is :  1\n",
      "Value of P is : \n",
      "0.3333333333333333\n",
      "Scores is : \n",
      "0.5555555555555556\n",
      "Gini is : \n",
      "0.4444444444444444\n",
      "Check 3 : \n",
      "Row is : \n",
      "[0.0, 19.0, 16.0, 12.0, 4.0, 5.0, 1]\n",
      "Groups is : \n",
      "([[23.0, 24.0, 11.0, 3.0, 7.0, 5.0, 1], [23.0, 15.0, 16.0, 3.0, 17.0, 13.0, 0]], [[0.0, 19.0, 16.0, 12.0, 4.0, 5.0, 1], [23.0, 1.0, 16.0, 12.0, 4.0, 13.0, 0], [23.0, 1.0, 16.0, 12.0, 4.0, 13.0, 0], [23.0, 1.0, 16.0, 12.0, 4.0, 13.0, 0]])\n",
      "Number of Instances is : \n",
      "6.0\n",
      "Length of Group is : \n",
      "2.0\n",
      "Classes is : \n",
      "[0, 1]\n",
      "Class Value is :  0\n",
      "Value of P is : \n",
      "0.5\n",
      "Scores is : \n",
      "0.25\n",
      "Class Value is :  1\n",
      "Value of P is : \n",
      "0.5\n",
      "Scores is : \n",
      "0.5\n",
      "Gini is : \n",
      "0.16666666666666666\n",
      "Length of Group is : \n",
      "4.0\n",
      "Classes is : \n",
      "[0, 1]\n",
      "Class Value is :  0\n",
      "Value of P is : \n",
      "0.75\n",
      "Scores is : \n",
      "0.5625\n",
      "Class Value is :  1\n",
      "Value of P is : \n",
      "0.25\n",
      "Scores is : \n",
      "0.625\n",
      "Gini is : \n",
      "0.41666666666666663\n",
      "Check 3 : \n",
      "Row is : \n",
      "[23.0, 1.0, 16.0, 12.0, 4.0, 13.0, 0]\n",
      "Groups is : \n",
      "([[23.0, 24.0, 11.0, 3.0, 7.0, 5.0, 1], [23.0, 15.0, 16.0, 3.0, 17.0, 13.0, 0]], [[0.0, 19.0, 16.0, 12.0, 4.0, 5.0, 1], [23.0, 1.0, 16.0, 12.0, 4.0, 13.0, 0], [23.0, 1.0, 16.0, 12.0, 4.0, 13.0, 0], [23.0, 1.0, 16.0, 12.0, 4.0, 13.0, 0]])\n",
      "Number of Instances is : \n",
      "6.0\n",
      "Length of Group is : \n",
      "2.0\n",
      "Classes is : \n",
      "[0, 1]\n",
      "Class Value is :  0\n",
      "Value of P is : \n",
      "0.5\n",
      "Scores is : \n",
      "0.25\n",
      "Class Value is :  1\n",
      "Value of P is : \n",
      "0.5\n",
      "Scores is : \n",
      "0.5\n",
      "Gini is : \n",
      "0.16666666666666666\n",
      "Length of Group is : \n",
      "4.0\n",
      "Classes is : \n",
      "[0, 1]\n",
      "Class Value is :  0\n",
      "Value of P is : \n",
      "0.75\n",
      "Scores is : \n",
      "0.5625\n",
      "Class Value is :  1\n",
      "Value of P is : \n",
      "0.25\n",
      "Scores is : \n",
      "0.625\n",
      "Gini is : \n",
      "0.41666666666666663\n",
      "Check 3 : \n",
      "Row is : \n",
      "[23.0, 1.0, 16.0, 12.0, 4.0, 13.0, 0]\n",
      "Groups is : \n",
      "([[23.0, 24.0, 11.0, 3.0, 7.0, 5.0, 1], [23.0, 15.0, 16.0, 3.0, 17.0, 13.0, 0]], [[0.0, 19.0, 16.0, 12.0, 4.0, 5.0, 1], [23.0, 1.0, 16.0, 12.0, 4.0, 13.0, 0], [23.0, 1.0, 16.0, 12.0, 4.0, 13.0, 0], [23.0, 1.0, 16.0, 12.0, 4.0, 13.0, 0]])\n",
      "Number of Instances is : \n",
      "6.0\n",
      "Length of Group is : \n",
      "2.0\n",
      "Classes is : \n",
      "[0, 1]\n",
      "Class Value is :  0\n",
      "Value of P is : \n",
      "0.5\n",
      "Scores is : \n",
      "0.25\n",
      "Class Value is :  1\n",
      "Value of P is : \n",
      "0.5\n",
      "Scores is : \n",
      "0.5\n",
      "Gini is : \n",
      "0.16666666666666666\n",
      "Length of Group is : \n",
      "4.0\n",
      "Classes is : \n",
      "[0, 1]\n",
      "Class Value is :  0\n",
      "Value of P is : \n",
      "0.75\n",
      "Scores is : \n",
      "0.5625\n",
      "Class Value is :  1\n",
      "Value of P is : \n",
      "0.25\n",
      "Scores is : \n",
      "0.625\n",
      "Gini is : \n",
      "0.41666666666666663\n",
      "Check 3 : \n",
      "Row is : \n",
      "[23.0, 1.0, 16.0, 12.0, 4.0, 13.0, 0]\n",
      "Groups is : \n",
      "([[23.0, 24.0, 11.0, 3.0, 7.0, 5.0, 1], [23.0, 15.0, 16.0, 3.0, 17.0, 13.0, 0]], [[0.0, 19.0, 16.0, 12.0, 4.0, 5.0, 1], [23.0, 1.0, 16.0, 12.0, 4.0, 13.0, 0], [23.0, 1.0, 16.0, 12.0, 4.0, 13.0, 0], [23.0, 1.0, 16.0, 12.0, 4.0, 13.0, 0]])\n",
      "Number of Instances is : \n",
      "6.0\n",
      "Length of Group is : \n",
      "2.0\n",
      "Classes is : \n",
      "[0, 1]\n",
      "Class Value is :  0\n",
      "Value of P is : \n",
      "0.5\n",
      "Scores is : \n",
      "0.25\n",
      "Class Value is :  1\n",
      "Value of P is : \n",
      "0.5\n",
      "Scores is : \n",
      "0.5\n",
      "Gini is : \n",
      "0.16666666666666666\n",
      "Length of Group is : \n",
      "4.0\n",
      "Classes is : \n",
      "[0, 1]\n",
      "Class Value is :  0\n",
      "Value of P is : \n",
      "0.75\n",
      "Scores is : \n",
      "0.5625\n",
      "Class Value is :  1\n",
      "Value of P is : \n",
      "0.25\n",
      "Scores is : \n",
      "0.625\n",
      "Gini is : \n",
      "0.41666666666666663\n",
      "Root Node is : \n",
      "{'index': 1, 'value': 19.0, 'groups': ([[23.0, 15.0, 16.0, 3.0, 17.0, 13.0, 0], [23.0, 1.0, 16.0, 12.0, 4.0, 13.0, 0], [23.0, 1.0, 16.0, 12.0, 4.0, 13.0, 0], [23.0, 1.0, 16.0, 12.0, 4.0, 13.0, 0]], [[23.0, 24.0, 11.0, 3.0, 7.0, 5.0, 1], [0.0, 19.0, 16.0, 12.0, 4.0, 5.0, 1]])}\n",
      "check 5 \n",
      "Check 1 \n",
      "Index is :  3\n",
      "Check 1 \n",
      "Index is :  2\n",
      "Features is : \n",
      "[3, 2]\n",
      "Check 2 : \n",
      "Input Feature is :  3\n",
      "Check 3 : \n",
      "Row is : \n",
      "[23.0, 15.0, 16.0, 3.0, 17.0, 13.0, 0]\n",
      "Groups is : \n",
      "([], [[23.0, 15.0, 16.0, 3.0, 17.0, 13.0, 0], [23.0, 1.0, 16.0, 12.0, 4.0, 13.0, 0], [23.0, 1.0, 16.0, 12.0, 4.0, 13.0, 0], [23.0, 1.0, 16.0, 12.0, 4.0, 13.0, 0]])\n",
      "Number of Instances is : \n",
      "4.0\n",
      "Length of Group is : \n",
      "0.0\n",
      "Length of Group is : \n",
      "4.0\n",
      "Classes is : \n",
      "[0]\n",
      "Class Value is :  0\n",
      "Value of P is : \n",
      "1.0\n",
      "Scores is : \n",
      "1.0\n",
      "Gini is : \n",
      "0.0\n",
      "Check 3 : \n",
      "Row is : \n",
      "[23.0, 1.0, 16.0, 12.0, 4.0, 13.0, 0]\n",
      "Groups is : \n",
      "([[23.0, 15.0, 16.0, 3.0, 17.0, 13.0, 0]], [[23.0, 1.0, 16.0, 12.0, 4.0, 13.0, 0], [23.0, 1.0, 16.0, 12.0, 4.0, 13.0, 0], [23.0, 1.0, 16.0, 12.0, 4.0, 13.0, 0]])\n",
      "Number of Instances is : \n",
      "4.0\n",
      "Length of Group is : \n",
      "1.0\n",
      "Classes is : \n",
      "[0]\n",
      "Class Value is :  0\n",
      "Value of P is : \n",
      "1.0\n",
      "Scores is : \n",
      "1.0\n",
      "Gini is : \n",
      "0.0\n",
      "Length of Group is : \n",
      "3.0\n",
      "Classes is : \n",
      "[0]\n",
      "Class Value is :  0\n",
      "Value of P is : \n",
      "1.0\n",
      "Scores is : \n",
      "1.0\n",
      "Gini is : \n",
      "0.0\n",
      "Check 3 : \n",
      "Row is : \n",
      "[23.0, 1.0, 16.0, 12.0, 4.0, 13.0, 0]\n",
      "Groups is : \n",
      "([[23.0, 15.0, 16.0, 3.0, 17.0, 13.0, 0]], [[23.0, 1.0, 16.0, 12.0, 4.0, 13.0, 0], [23.0, 1.0, 16.0, 12.0, 4.0, 13.0, 0], [23.0, 1.0, 16.0, 12.0, 4.0, 13.0, 0]])\n",
      "Number of Instances is : \n",
      "4.0\n",
      "Length of Group is : \n",
      "1.0\n",
      "Classes is : \n",
      "[0]\n",
      "Class Value is :  0\n",
      "Value of P is : \n",
      "1.0\n",
      "Scores is : \n",
      "1.0\n",
      "Gini is : \n",
      "0.0\n",
      "Length of Group is : \n",
      "3.0\n",
      "Classes is : \n",
      "[0]\n",
      "Class Value is :  0\n",
      "Value of P is : \n",
      "1.0\n",
      "Scores is : \n",
      "1.0\n",
      "Gini is : \n",
      "0.0\n",
      "Check 3 : \n",
      "Row is : \n",
      "[23.0, 1.0, 16.0, 12.0, 4.0, 13.0, 0]\n",
      "Groups is : \n",
      "([[23.0, 15.0, 16.0, 3.0, 17.0, 13.0, 0]], [[23.0, 1.0, 16.0, 12.0, 4.0, 13.0, 0], [23.0, 1.0, 16.0, 12.0, 4.0, 13.0, 0], [23.0, 1.0, 16.0, 12.0, 4.0, 13.0, 0]])\n",
      "Number of Instances is : \n",
      "4.0\n",
      "Length of Group is : \n",
      "1.0\n",
      "Classes is : \n",
      "[0]\n",
      "Class Value is :  0\n",
      "Value of P is : \n",
      "1.0\n",
      "Scores is : \n",
      "1.0\n",
      "Gini is : \n",
      "0.0\n",
      "Length of Group is : \n",
      "3.0\n",
      "Classes is : \n",
      "[0]\n",
      "Class Value is :  0\n",
      "Value of P is : \n",
      "1.0\n",
      "Scores is : \n",
      "1.0\n",
      "Gini is : \n",
      "0.0\n",
      "Check 2 : \n",
      "Input Feature is :  2\n",
      "Check 3 : \n",
      "Row is : \n",
      "[23.0, 15.0, 16.0, 3.0, 17.0, 13.0, 0]\n",
      "Groups is : \n",
      "([], [[23.0, 15.0, 16.0, 3.0, 17.0, 13.0, 0], [23.0, 1.0, 16.0, 12.0, 4.0, 13.0, 0], [23.0, 1.0, 16.0, 12.0, 4.0, 13.0, 0], [23.0, 1.0, 16.0, 12.0, 4.0, 13.0, 0]])\n",
      "Number of Instances is : \n",
      "4.0\n",
      "Length of Group is : \n",
      "0.0\n",
      "Length of Group is : \n",
      "4.0\n",
      "Classes is : \n",
      "[0]\n",
      "Class Value is :  0\n",
      "Value of P is : \n",
      "1.0\n",
      "Scores is : \n",
      "1.0\n",
      "Gini is : \n",
      "0.0\n",
      "Check 3 : \n",
      "Row is : \n",
      "[23.0, 1.0, 16.0, 12.0, 4.0, 13.0, 0]\n",
      "Groups is : \n",
      "([], [[23.0, 15.0, 16.0, 3.0, 17.0, 13.0, 0], [23.0, 1.0, 16.0, 12.0, 4.0, 13.0, 0], [23.0, 1.0, 16.0, 12.0, 4.0, 13.0, 0], [23.0, 1.0, 16.0, 12.0, 4.0, 13.0, 0]])\n",
      "Number of Instances is : \n",
      "4.0\n",
      "Length of Group is : \n",
      "0.0\n",
      "Length of Group is : \n",
      "4.0\n",
      "Classes is : \n",
      "[0]\n",
      "Class Value is :  0\n",
      "Value of P is : \n",
      "1.0\n",
      "Scores is : \n",
      "1.0\n",
      "Gini is : \n",
      "0.0\n",
      "Check 3 : \n",
      "Row is : \n",
      "[23.0, 1.0, 16.0, 12.0, 4.0, 13.0, 0]\n",
      "Groups is : \n",
      "([], [[23.0, 15.0, 16.0, 3.0, 17.0, 13.0, 0], [23.0, 1.0, 16.0, 12.0, 4.0, 13.0, 0], [23.0, 1.0, 16.0, 12.0, 4.0, 13.0, 0], [23.0, 1.0, 16.0, 12.0, 4.0, 13.0, 0]])\n",
      "Number of Instances is : \n",
      "4.0\n",
      "Length of Group is : \n",
      "0.0\n",
      "Length of Group is : \n",
      "4.0\n",
      "Classes is : \n",
      "[0]\n",
      "Class Value is :  0\n",
      "Value of P is : \n",
      "1.0\n",
      "Scores is : \n",
      "1.0\n",
      "Gini is : \n",
      "0.0\n",
      "Check 3 : \n",
      "Row is : \n",
      "[23.0, 1.0, 16.0, 12.0, 4.0, 13.0, 0]\n",
      "Groups is : \n",
      "([], [[23.0, 15.0, 16.0, 3.0, 17.0, 13.0, 0], [23.0, 1.0, 16.0, 12.0, 4.0, 13.0, 0], [23.0, 1.0, 16.0, 12.0, 4.0, 13.0, 0], [23.0, 1.0, 16.0, 12.0, 4.0, 13.0, 0]])\n",
      "Number of Instances is : \n",
      "4.0\n",
      "Length of Group is : \n",
      "0.0\n",
      "Length of Group is : \n",
      "4.0\n",
      "Classes is : \n",
      "[0]\n",
      "Class Value is :  0\n",
      "Value of P is : \n",
      "1.0\n",
      "Scores is : \n",
      "1.0\n",
      "Gini is : \n",
      "0.0\n",
      "Check 1 \n",
      "Index is :  1\n",
      "Check 1 \n",
      "Index is :  2\n",
      "Features is : \n",
      "[1, 2]\n",
      "Check 2 : \n",
      "Input Feature is :  1\n",
      "Check 3 : \n",
      "Row is : \n",
      "[23.0, 24.0, 11.0, 3.0, 7.0, 5.0, 1]\n",
      "Groups is : \n",
      "([[0.0, 19.0, 16.0, 12.0, 4.0, 5.0, 1]], [[23.0, 24.0, 11.0, 3.0, 7.0, 5.0, 1]])\n",
      "Number of Instances is : \n",
      "2.0\n",
      "Length of Group is : \n",
      "1.0\n",
      "Classes is : \n",
      "[1]\n",
      "Class Value is :  1\n",
      "Value of P is : \n",
      "1.0\n",
      "Scores is : \n",
      "1.0\n",
      "Gini is : \n",
      "0.0\n",
      "Length of Group is : \n",
      "1.0\n",
      "Classes is : \n",
      "[1]\n",
      "Class Value is :  1\n",
      "Value of P is : \n",
      "1.0\n",
      "Scores is : \n",
      "1.0\n",
      "Gini is : \n",
      "0.0\n",
      "Check 3 : \n",
      "Row is : \n",
      "[0.0, 19.0, 16.0, 12.0, 4.0, 5.0, 1]\n",
      "Groups is : \n",
      "([], [[23.0, 24.0, 11.0, 3.0, 7.0, 5.0, 1], [0.0, 19.0, 16.0, 12.0, 4.0, 5.0, 1]])\n",
      "Number of Instances is : \n",
      "2.0\n",
      "Length of Group is : \n",
      "0.0\n",
      "Length of Group is : \n",
      "2.0\n",
      "Classes is : \n",
      "[1]\n",
      "Class Value is :  1\n",
      "Value of P is : \n",
      "1.0\n",
      "Scores is : \n",
      "1.0\n",
      "Gini is : \n",
      "0.0\n",
      "Check 2 : \n",
      "Input Feature is :  2\n",
      "Check 3 : \n",
      "Row is : \n",
      "[23.0, 24.0, 11.0, 3.0, 7.0, 5.0, 1]\n",
      "Groups is : \n",
      "([], [[23.0, 24.0, 11.0, 3.0, 7.0, 5.0, 1], [0.0, 19.0, 16.0, 12.0, 4.0, 5.0, 1]])\n",
      "Number of Instances is : \n",
      "2.0\n",
      "Length of Group is : \n",
      "0.0\n",
      "Length of Group is : \n",
      "2.0\n",
      "Classes is : \n",
      "[1]\n",
      "Class Value is :  1\n",
      "Value of P is : \n",
      "1.0\n",
      "Scores is : \n",
      "1.0\n",
      "Gini is : \n",
      "0.0\n",
      "Check 3 : \n",
      "Row is : \n",
      "[0.0, 19.0, 16.0, 12.0, 4.0, 5.0, 1]\n",
      "Groups is : \n",
      "([[23.0, 24.0, 11.0, 3.0, 7.0, 5.0, 1]], [[0.0, 19.0, 16.0, 12.0, 4.0, 5.0, 1]])\n",
      "Number of Instances is : \n",
      "2.0\n",
      "Length of Group is : \n",
      "1.0\n",
      "Classes is : \n",
      "[1]\n",
      "Class Value is :  1\n",
      "Value of P is : \n",
      "1.0\n",
      "Scores is : \n",
      "1.0\n",
      "Gini is : \n",
      "0.0\n",
      "Length of Group is : \n",
      "1.0\n",
      "Classes is : \n",
      "[1]\n",
      "Class Value is :  1\n",
      "Value of P is : \n",
      "1.0\n",
      "Scores is : \n",
      "1.0\n",
      "Gini is : \n",
      "0.0\n",
      "Built Tree is : \n",
      "{'index': 1, 'value': 19.0, 'left': {'index': 3, 'value': 3.0, 'left': 0, 'right': 0}, 'right': {'index': 1, 'value': 24.0, 'left': 1, 'right': 1}}\n",
      "Sample is : \n",
      "[[23.0, 15.0, 16.0, 3.0, 17.0, 13.0, 0], [23.0, 10.0, 11.0, 3.0, 7.0, 5.0, 1], [23.0, 1.0, 16.0, 12.0, 4.0, 13.0, 0], [23.0, 24.0, 11.0, 3.0, 7.0, 5.0, 1], [23.0, 10.0, 11.0, 3.0, 7.0, 5.0, 1], [23.0, 1.0, 16.0, 12.0, 4.0, 13.0, 0]]\n",
      "check 4 \n",
      "Check 1 \n",
      "Index is :  2\n",
      "Check 1 \n",
      "Index is :  0\n",
      "Features is : \n",
      "[2, 0]\n",
      "Check 2 : \n",
      "Input Feature is :  2\n",
      "Check 3 : \n",
      "Row is : \n",
      "[23.0, 15.0, 16.0, 3.0, 17.0, 13.0, 0]\n",
      "Groups is : \n",
      "([[23.0, 10.0, 11.0, 3.0, 7.0, 5.0, 1], [23.0, 24.0, 11.0, 3.0, 7.0, 5.0, 1], [23.0, 10.0, 11.0, 3.0, 7.0, 5.0, 1]], [[23.0, 15.0, 16.0, 3.0, 17.0, 13.0, 0], [23.0, 1.0, 16.0, 12.0, 4.0, 13.0, 0], [23.0, 1.0, 16.0, 12.0, 4.0, 13.0, 0]])\n",
      "Number of Instances is : \n",
      "6.0\n",
      "Length of Group is : \n",
      "3.0\n",
      "Classes is : \n",
      "[0, 1]\n",
      "Class Value is :  0\n",
      "Value of P is : \n",
      "0.0\n",
      "Scores is : \n",
      "0.0\n",
      "Class Value is :  1\n",
      "Value of P is : \n",
      "1.0\n",
      "Scores is : \n",
      "1.0\n",
      "Gini is : \n",
      "0.0\n",
      "Length of Group is : \n",
      "3.0\n",
      "Classes is : \n",
      "[0, 1]\n",
      "Class Value is :  0\n",
      "Value of P is : \n",
      "1.0\n",
      "Scores is : \n",
      "1.0\n",
      "Class Value is :  1\n",
      "Value of P is : \n",
      "0.0\n",
      "Scores is : \n",
      "1.0\n",
      "Gini is : \n",
      "0.0\n",
      "Check 3 : \n",
      "Row is : \n",
      "[23.0, 10.0, 11.0, 3.0, 7.0, 5.0, 1]\n",
      "Groups is : \n",
      "([], [[23.0, 15.0, 16.0, 3.0, 17.0, 13.0, 0], [23.0, 10.0, 11.0, 3.0, 7.0, 5.0, 1], [23.0, 1.0, 16.0, 12.0, 4.0, 13.0, 0], [23.0, 24.0, 11.0, 3.0, 7.0, 5.0, 1], [23.0, 10.0, 11.0, 3.0, 7.0, 5.0, 1], [23.0, 1.0, 16.0, 12.0, 4.0, 13.0, 0]])\n",
      "Number of Instances is : \n",
      "6.0\n",
      "Length of Group is : \n",
      "0.0\n",
      "Length of Group is : \n",
      "6.0\n",
      "Classes is : \n",
      "[0, 1]\n",
      "Class Value is :  0\n",
      "Value of P is : \n",
      "0.5\n",
      "Scores is : \n",
      "0.25\n",
      "Class Value is :  1\n",
      "Value of P is : \n",
      "0.5\n",
      "Scores is : \n",
      "0.5\n",
      "Gini is : \n",
      "0.5\n",
      "Check 3 : \n",
      "Row is : \n",
      "[23.0, 1.0, 16.0, 12.0, 4.0, 13.0, 0]\n",
      "Groups is : \n",
      "([[23.0, 10.0, 11.0, 3.0, 7.0, 5.0, 1], [23.0, 24.0, 11.0, 3.0, 7.0, 5.0, 1], [23.0, 10.0, 11.0, 3.0, 7.0, 5.0, 1]], [[23.0, 15.0, 16.0, 3.0, 17.0, 13.0, 0], [23.0, 1.0, 16.0, 12.0, 4.0, 13.0, 0], [23.0, 1.0, 16.0, 12.0, 4.0, 13.0, 0]])\n",
      "Number of Instances is : \n",
      "6.0\n",
      "Length of Group is : \n",
      "3.0\n",
      "Classes is : \n",
      "[0, 1]\n",
      "Class Value is :  0\n",
      "Value of P is : \n",
      "0.0\n",
      "Scores is : \n",
      "0.0\n",
      "Class Value is :  1\n",
      "Value of P is : \n",
      "1.0\n",
      "Scores is : \n",
      "1.0\n",
      "Gini is : \n",
      "0.0\n",
      "Length of Group is : \n",
      "3.0\n",
      "Classes is : \n",
